elapsed_s,TP_RESERVED_72,TP_RESERVED_73,TP_RESERVED_74,TP_RESERVED_75,TP_RESERVED_76,TP_RESERVED_77,TP_RESERVED_78,TP_RESERVED_79,TP_RESERVED_80,TP_RESERVED_81,TP_RESERVED_82,TP_RESERVED_83
0.001128,0,0,0,0,0,0,0,0,0,0,0,0
0.002746,0,0,0,0,0,0,0,0,0,0,0,0
0.004244,0,0,0,0,0,0,0,0,0,0,0,0
0.005735,0,0,0,0,0,0,0,0,0,0,0,0
0.007225,0,0,0,0,0,0,0,0,0,0,0,0
0.008711,0,0,0,0,0,0,0,0,0,0,0,0
0.010252,0,0,0,0,0,0,0,0,0,0,0,0
0.011748,0,0,0,0,0,0,0,0,0,0,0,0
0.013236,0,0,0,0,0,0,0,0,0,0,0,0
0.014725,0,0,0,0,0,0,0,0,0,0,0,0
0.016212,0,0,0,0,0,0,0,0,0,0,0,0
0.017710,0,0,0,0,0,0,0,0,0,0,0,0
0.019163,0,0,0,0,0,0,0,0,0,0,0,0
0.020606,0,0,0,0,0,0,0,0,0,0,0,0
0.022038,0,0,0,0,0,0,0,0,0,0,0,0
0.023453,0,0,0,0,0,0,0,0,0,0,0,0
0.024911,0,0,0,0,0,0,0,0,0,0,0,0
0.026333,0,0,0,0,0,0,0,0,0,0,0,0
0.027751,0,0,0,0,0,0,0,0,0,0,0,0
0.029216,0,0,0,0,0,0,0,0,0,0,0,0
0.030686,0,0,0,0,0,0,0,0,0,0,0,0
0.032111,0,0,0,0,0,0,0,0,0,0,0,0
0.033620,0,0,0,0,0,0,0,0,0,0,0,0
0.034976,0,0,0,0,0,0,0,0,0,0,0,0
0.036438,0,0,0,0,0,0,0,0,0,0,0,0
0.037949,0,0,0,0,0,0,0,0,0,0,0,0
0.039414,0,0,0,0,0,0,0,0,0,0,0,0
0.040880,0,0,0,0,0,0,0,0,0,0,0,0
0.042342,0,0,0,0,0,0,0,0,0,0,0,0
0.043693,0,0,0,0,0,0,0,0,0,0,0,0
0.045043,0,0,0,0,0,0,0,0,0,0,0,0
0.046439,0,0,0,0,0,0,0,0,0,0,0,0
0.047833,0,0,0,0,0,0,0,0,0,0,0,0
0.049293,0,0,0,0,0,0,0,0,0,0,0,0
0.050688,0,0,0,0,0,0,0,0,0,0,0,0
0.052135,0,0,0,0,0,0,0,0,0,0,0,0
0.053551,0,0,0,0,0,0,0,0,0,0,0,0
0.054934,0,0,0,0,0,0,0,0,0,0,0,0
0.056318,0,0,0,0,0,0,0,0,0,0,0,0
0.057709,0,0,0,0,0,0,0,0,0,0,0,0
0.059095,0,0,0,0,0,0,0,0,0,0,0,0
0.060492,0,0,0,0,0,0,0,0,0,0,0,0
0.061933,0,0,0,0,0,0,0,0,0,0,0,0
0.063334,0,0,0,0,0,0,0,0,0,0,0,0
0.064727,0,0,0,0,0,0,0,0,0,0,0,0
0.066124,0,0,0,0,0,0,0,0,0,0,0,0
0.067525,0,0,0,0,0,0,0,0,0,0,0,0
0.068783,0,0,0,0,0,0,0,0,0,0,0,0
0.070182,0,0,0,0,0,0,0,0,0,0,0,0
0.071568,0,0,0,0,0,0,0,0,0,0,0,0
0.072961,0,0,0,0,0,0,0,0,0,0,0,0
0.074362,0,0,0,0,0,0,0,0,0,0,0,0
0.075753,0,0,0,0,0,0,0,0,0,0,0,0
0.077229,0,0,0,0,0,0,0,0,0,0,0,0
0.078664,0,0,0,0,0,0,0,0,0,0,0,0
0.080463,0,0,0,0,0,0,0,0,0,0,0,0
0.081722,0,0,0,0,0,0,0,0,0,0,0,0
0.083031,0,0,0,0,0,0,0,0,0,0,0,0
0.084318,0,0,0,0,0,0,0,0,0,0,0,0
0.086309,0,0,0,0,0,0,0,0,0,0,0,0
0.087595,0,0,0,0,0,0,0,0,0,0,0,0
0.088920,0,0,0,0,0,0,0,0,0,0,0,0
0.090212,0,0,0,0,0,0,0,0,0,0,0,0
0.091498,0,0,0,0,0,0,0,0,0,0,0,0
0.092785,0,0,0,0,0,0,0,0,0,0,0,0
0.094072,0,0,0,0,0,0,0,0,0,0,0,0
0.095354,0,0,0,0,0,0,0,0,0,0,0,0
0.096637,0,0,0,0,0,0,0,0,0,0,0,0
0.098019,0,0,0,0,0,0,0,0,0,0,0,0
0.099305,0,0,0,0,0,0,0,0,0,0,0,0
0.100589,0,0,0,0,0,0,0,0,0,0,0,0
0.101876,0,0,0,0,0,0,0,0,0,0,0,0
0.103225,0,0,0,0,0,0,0,0,0,0,0,0
0.104795,0,0,0,0,0,0,0,0,0,0,0,0
0.106254,0,0,0,0,0,0,0,0,0,0,0,0
0.107689,0,0,0,0,0,0,0,0,0,0,0,0
0.109201,0,0,0,0,0,0,0,0,0,0,0,0
0.110652,0,0,0,0,0,0,0,0,0,0,0,0
0.112329,0,0,0,0,0,0,0,0,0,0,0,0
0.113808,0,0,0,0,0,0,0,0,0,0,0,0
0.115249,0,0,0,0,0,0,0,0,0,0,0,0
0.116678,0,0,0,0,0,0,0,0,0,0,0,0
0.118071,0,0,0,0,0,0,0,0,0,0,0,0
0.119499,0,0,0,0,0,0,0,0,0,0,0,0
0.120932,0,0,0,0,0,0,0,0,0,0,0,0
0.126098,0,0,0,0,0,0,0,0,0,0,0,0
0.127523,0,0,0,0,0,0,0,0,0,0,0,0
0.128985,0,0,0,0,0,0,0,0,0,0,0,0
0.130473,0,0,0,0,0,0,0,0,0,0,0,0
0.131901,0,0,0,0,0,0,0,0,0,0,0,0
0.133328,0,0,0,0,0,0,0,0,0,0,0,0
0.134752,0,0,0,0,0,0,0,0,0,0,0,0
0.136356,0,0,0,0,0,0,0,0,0,0,0,0
0.137864,0,0,0,0,0,0,0,0,0,0,0,0
0.139386,0,0,0,0,0,0,0,0,0,0,0,0
0.140791,0,0,0,0,0,0,0,0,0,0,0,0
0.142179,0,0,0,0,0,0,0,0,0,0,0,0
0.143561,0,0,0,0,0,0,0,0,0,0,0,0
0.144944,0,0,0,0,0,0,0,0,0,0,0,0
0.146448,0,0,0,0,0,0,0,0,0,0,0,0
0.147882,0,0,0,0,0,0,0,0,0,0,0,0
0.149323,0,0,0,0,0,0,0,0,0,0,0,0
0.150755,0,0,0,0,0,0,0,0,0,0,0,0
0.152185,0,0,0,0,0,0,0,0,0,0,0,0
0.153614,0,0,0,0,0,0,0,0,0,0,0,0
0.155172,0,0,0,0,0,0,0,0,0,0,0,0
0.156654,0,0,0,0,0,0,0,0,0,0,0,0
0.158223,0,0,0,0,0,0,0,0,0,0,0,0
0.159816,0,0,0,0,0,0,0,0,0,0,0,0
0.161456,0,0,0,0,0,0,0,0,0,0,0,0
0.163052,0,0,0,0,0,0,0,0,0,0,0,0
0.164646,0,0,0,0,0,0,0,0,0,0,0,0
0.166246,0,0,0,0,0,0,0,0,0,0,0,0
0.167853,0,0,0,0,0,0,0,0,0,0,0,0
0.169450,0,0,0,0,0,0,0,0,0,0,0,0
0.171046,0,0,0,0,0,0,0,0,0,0,0,0
0.172640,0,0,0,0,0,0,0,0,0,0,0,0
0.174240,0,0,0,0,0,0,0,0,0,0,0,0
0.175833,0,0,0,0,0,0,0,0,0,0,0,0
0.177473,0,0,0,0,0,0,0,0,0,0,0,0
0.179083,0,0,0,0,0,0,0,0,0,0,0,0
0.180677,0,0,0,0,0,0,0,0,0,0,0,0
0.182268,0,0,0,0,0,0,0,0,0,0,0,0
0.183724,0,0,0,0,0,0,0,0,0,0,0,0
0.185161,0,0,0,0,0,0,0,0,0,0,0,0
0.186635,0,0,0,0,0,0,0,0,0,0,0,0
0.188060,0,0,0,0,0,0,0,0,0,0,0,0
0.189496,0,0,0,0,0,0,0,0,0,0,0,0
0.191141,0,0,0,0,0,0,0,0,0,0,0,0
0.192733,0,0,0,0,0,0,0,0,0,0,0,0
0.194333,0,0,0,0,0,0,0,0,0,0,0,0
0.195926,0,0,0,0,0,0,0,0,0,0,0,0
0.197519,0,0,0,0,0,0,0,0,0,0,0,0
0.198990,0,0,0,0,0,0,0,0,0,0,0,0
0.200564,0,0,0,0,0,0,0,0,0,0,0,0
0.202175,0,0,0,0,0,0,0,0,0,0,0,0
0.203612,0,0,0,0,0,0,0,0,0,0,0,0
0.205047,0,0,0,0,0,0,0,0,0,0,0,0
0.206479,0,0,0,0,0,0,0,0,0,0,0,0
0.207908,0,0,0,0,0,0,0,0,0,0,0,0
0.209381,0,0,0,0,0,0,0,0,0,0,0,0
0.210957,0,0,0,0,0,0,0,0,0,0,0,0
0.212550,0,0,0,0,0,0,0,0,0,0,0,0
0.214199,0,0,0,0,0,0,0,0,0,0,0,0
0.215793,0,0,0,0,0,0,0,0,0,0,0,0
0.217388,0,0,0,0,0,0,0,0,0,0,0,0
0.218983,0,0,0,0,0,0,0,0,0,0,0,0
0.220576,0,0,0,0,0,0,0,0,0,0,0,0
0.222184,0,0,0,0,0,0,0,0,0,0,0,0
0.223769,0,0,0,0,0,0,0,0,0,0,0,0
0.225375,0,0,0,0,0,0,0,0,0,0,0,0
0.227460,0,0,0,0,0,0,0,0,0,0,0,0
0.229000,0,0,0,0,0,0,0,0,0,0,0,0
0.230435,0,0,0,0,0,0,0,0,0,0,0,0
0.231864,0,0,0,0,0,0,0,0,0,0,0,0
0.233306,0,0,0,0,0,0,0,0,0,0,0,0
0.234736,0,0,0,0,0,0,0,0,0,0,0,0
0.236292,0,0,0,0,0,0,0,0,0,0,0,0
0.237884,0,0,0,0,0,0,0,0,0,0,0,0
0.239477,0,0,0,0,0,0,0,0,0,0,0,0
0.241071,0,0,0,0,0,0,0,0,0,0,0,0
0.242709,0,0,0,0,0,0,0,0,0,0,0,0
0.244314,0,0,0,0,0,0,0,0,0,0,0,0
0.245907,0,0,0,0,0,0,0,0,0,0,0,0
0.247500,0,0,0,0,0,0,0,0,0,0,0,0
0.249095,0,0,0,0,0,0,0,0,0,0,0,0
0.250688,0,0,0,0,0,0,0,0,0,0,0,0
0.252280,0,0,0,0,0,0,0,0,0,0,0,0
0.253873,0,0,0,0,0,0,0,0,0,0,0,0
0.255479,0,0,0,0,0,0,0,0,0,0,0,0
0.257074,0,0,0,0,0,0,0,0,0,0,0,0
0.258711,0,0,0,0,0,0,0,0,0,0,0,0
0.260302,0,0,0,0,0,0,0,0,0,0,0,0
0.261894,0,0,0,0,0,0,0,0,0,0,0,0
0.263486,0,0,0,0,0,0,0,0,0,0,0,0
0.265080,0,0,0,0,0,0,0,0,0,0,0,0
0.266686,0,0,0,0,0,0,0,0,0,0,0,0
0.268277,0,0,0,0,0,0,0,0,0,0,0,0
0.269869,0,0,0,0,0,0,0,0,0,0,0,0
0.271461,0,0,0,0,0,0,0,0,0,0,0,0
0.273053,0,0,0,0,0,0,0,0,0,0,0,0
0.274646,0,0,0,0,0,0,0,0,0,0,0,0
0.276237,0,0,0,0,0,0,0,0,0,0,0,0
0.277718,0,0,0,0,0,0,0,0,0,0,0,0
0.279278,0,0,0,0,0,0,0,0,0,0,0,0
0.280869,0,0,0,0,0,0,0,0,0,0,0,0
0.282463,0,0,0,0,0,0,0,0,0,0,0,0
0.284054,0,0,0,0,0,0,0,0,0,0,0,0
0.285648,0,0,0,0,0,0,0,0,0,0,0,0
0.287240,0,0,0,0,0,0,0,0,0,0,0,0
0.288949,0,0,0,0,0,0,0,0,0,0,0,0
0.290626,0,0,0,0,0,0,0,0,0,0,0,0
0.292056,0,0,0,0,0,0,0,0,0,0,0,0
0.293484,0,0,0,0,0,0,0,0,0,0,0,0
0.295039,0,0,0,0,0,0,0,0,0,0,0,0
0.296623,0,0,0,0,0,0,0,0,0,0,0,0
0.298256,0,0,0,0,0,0,0,0,0,0,0,0
0.299860,0,0,0,0,0,0,0,0,0,0,0,0
0.301455,0,0,0,0,0,0,0,0,0,0,0,0
0.303048,0,0,0,0,0,0,0,0,0,0,0,0
0.304640,0,0,0,0,0,0,0,0,0,0,0,0
0.306238,0,0,0,0,0,0,0,0,0,0,0,0
0.307830,0,0,0,0,0,0,0,0,0,0,0,0
0.309425,0,0,0,0,0,0,0,0,0,0,0,0
0.311033,0,0,0,0,0,0,0,0,0,0,0,0
0.312625,0,0,0,0,0,0,0,0,0,0,0,0
0.314223,0,0,0,0,0,0,0,0,0,0,0,0
0.315814,0,0,0,0,0,0,0,0,0,0,0,0
0.317409,0,0,0,0,0,0,0,0,0,0,0,0
0.319004,0,0,0,0,0,0,0,0,0,0,0,0
0.320595,0,0,0,0,0,0,0,0,0,0,0,0
0.322205,0,0,0,0,0,0,0,0,0,0,0,0
0.323797,0,0,0,0,0,0,0,0,0,0,0,0
0.325392,0,0,0,0,0,0,0,0,0,0,0,0
0.326986,0,0,0,0,0,0,0,0,0,0,0,0
0.328577,0,0,0,0,0,0,0,0,0,0,0,0
0.330052,0,0,0,0,0,0,0,0,0,0,0,0
0.331493,0,0,0,0,0,0,0,0,0,0,0,0
0.333239,0,0,0,0,0,0,0,0,0,0,0,0
0.334863,0,0,0,0,0,0,0,0,0,0,0,0
0.336446,0,0,0,0,0,0,0,0,0,0,0,0
0.337913,0,0,0,0,0,0,0,0,0,0,0,0
0.339476,0,0,0,0,0,0,0,0,0,0,0,0
0.341070,0,0,0,0,0,0,0,0,0,0,0,0
0.342664,0,0,0,0,0,0,0,0,0,0,0,0
0.344270,0,0,0,0,0,0,0,0,0,0,0,0
0.345863,0,0,0,0,0,0,0,0,0,0,0,0
0.347457,0,0,0,0,0,0,0,0,0,0,0,0
0.349053,0,0,0,0,0,0,0,0,0,0,0,0
0.350646,0,0,0,0,0,0,0,0,0,0,0,0
0.352238,0,0,0,0,0,0,0,0,0,0,0,0
0.353876,0,0,0,0,0,0,0,0,0,0,0,0
0.355483,0,0,0,0,0,0,0,0,0,0,0,0
0.357077,0,0,0,0,0,0,0,0,0,0,0,0
0.358668,0,0,0,0,0,0,0,0,0,0,0,0
0.360169,0,0,0,0,0,0,0,0,0,0,0,0
0.361608,0,0,0,0,0,0,0,0,0,0,0,0
0.363168,0,0,0,0,0,0,0,0,0,0,0,0
0.364759,0,0,0,0,0,0,0,0,0,0,0,0
0.366369,0,0,0,0,0,0,0,0,0,0,0,0
0.367959,0,0,0,0,0,0,0,0,0,0,0,0
0.369597,0,0,0,0,0,0,0,0,0,0,0,0
0.371192,0,0,0,0,0,0,0,0,0,0,0,0
0.372783,0,0,0,0,0,0,0,0,0,0,0,0
0.374376,0,0,0,0,0,0,0,0,0,0,0,0
0.375967,0,0,0,0,0,0,0,0,0,0,0,0
0.377574,0,0,0,0,0,0,0,0,0,0,0,0
0.379168,0,0,0,0,0,0,0,0,0,0,0,0
0.380763,0,0,0,0,0,0,0,0,0,0,0,0
0.382396,0,0,0,0,0,0,0,0,0,0,0,0
0.383987,0,0,0,0,0,0,0,0,0,0,0,0
0.385626,0,0,0,0,0,0,0,0,0,0,0,0
0.387220,0,0,0,0,0,0,0,0,0,0,0,0
0.388825,0,0,0,0,0,0,0,0,0,0,0,0
0.390440,0,0,0,0,0,0,0,0,0,0,0,0
0.392002,0,0,0,0,0,0,0,0,0,0,0,0
0.393594,0,0,0,0,0,0,0,0,0,0,0,0
0.395186,0,0,0,0,0,0,0,0,0,0,0,0
0.396778,0,0,0,0,0,0,0,0,0,0,0,0
0.398374,0,0,0,0,0,0,0,0,0,0,0,0
0.399828,0,0,0,0,0,0,0,0,0,0,0,0
0.401338,0,0,0,0,0,0,0,0,0,0,0,0
0.402934,0,0,0,0,0,0,0,0,0,0,0,0
0.404528,0,0,0,0,0,0,0,0,0,0,0,0
0.406213,0,0,0,0,0,0,0,0,0,0,0,0
0.407807,0,0,0,0,0,0,0,0,0,0,0,0
0.409404,0,0,0,0,0,0,0,0,0,0,0,0
0.411012,0,0,0,0,0,0,0,0,0,0,0,0
0.412605,0,0,0,0,0,0,0,0,0,0,0,0
0.414203,0,0,0,0,0,0,0,0,0,0,0,0
0.415798,0,0,0,0,0,0,0,0,0,0,0,0
0.417438,0,0,0,0,0,0,0,0,0,0,0,0
0.419034,0,0,0,0,0,0,0,0,0,0,0,0
0.420627,0,0,0,0,0,0,0,0,0,0,0,0
0.422239,0,0,0,0,0,0,0,0,0,0,0,0
0.423833,0,0,0,0,0,0,0,0,0,0,0,0
0.425431,0,0,0,0,0,0,0,0,0,0,0,0
0.427026,0,0,0,0,0,0,0,0,0,0,0,0
0.428619,0,0,0,0,0,0,0,0,0,0,0,0
0.430217,0,0,0,0,0,0,0,0,0,0,0,0
0.431811,0,0,0,0,0,0,0,0,0,0,0,0
0.433463,0,0,0,0,0,0,0,0,0,0,0,0
0.435059,0,0,0,0,0,0,0,0,0,0,0,0
0.436653,0,0,0,0,0,0,0,0,0,0,0,0
0.438252,0,0,0,0,0,0,0,0,0,0,0,0
0.439846,0,0,0,0,0,0,0,0,0,0,0,0
0.441442,0,0,0,0,0,0,0,0,0,0,0,0
0.442917,0,0,0,0,0,0,0,0,0,0,0,0
0.444498,0,0,0,0,0,0,0,0,0,0,0,0
0.446181,0,0,0,0,0,0,0,0,0,0,0,0
0.447775,0,0,0,0,0,0,0,0,0,0,0,0
0.449414,0,0,0,0,0,0,0,0,0,0,0,0
0.451011,0,0,0,0,0,0,0,0,0,0,0,0
0.452604,0,0,0,0,0,0,0,0,0,0,0,0
0.454203,0,0,0,0,0,0,0,0,0,0,0,0
0.455810,0,0,0,0,0,0,0,0,0,0,0,0
0.457407,0,0,0,0,0,0,0,0,0,0,0,0
0.459002,0,0,0,0,0,0,0,0,0,0,0,0
0.460595,0,0,0,0,0,0,0,0,0,0,0,0
0.462194,0,0,0,0,0,0,0,0,0,0,0,0
0.463910,0,0,0,0,0,0,0,0,0,0,0,0
0.465553,0,0,0,0,0,0,0,0,0,0,0,0
0.467162,0,0,0,0,0,0,0,0,0,0,0,0
0.468756,0,0,0,0,0,0,0,0,0,0,0,0
0.470356,0,0,0,0,0,0,0,0,0,0,0,0
0.471950,0,0,0,0,0,0,0,0,0,0,0,0
0.473546,0,0,0,0,0,0,0,0,0,0,0,0
0.475142,0,0,0,0,0,0,0,0,0,0,0,0
0.476736,0,0,0,0,0,0,0,0,0,0,0,0
0.478348,0,0,0,0,0,0,0,0,0,0,0,0
0.479942,0,0,0,0,0,0,0,0,0,0,0,0
0.481581,0,0,0,0,0,0,0,0,0,0,0,0
0.483176,0,0,0,0,0,0,0,0,0,0,0,0
0.484770,0,0,0,0,0,0,0,0,0,0,0,0
0.486369,0,0,0,0,0,0,0,0,0,0,0,0
0.487962,0,0,0,0,0,0,0,0,0,0,0,0
0.489574,0,0,0,0,0,0,0,0,0,0,0,0
0.491170,0,0,0,0,0,0,0,0,0,0,0,0
0.492762,0,0,0,0,0,0,0,0,0,0,0,0
0.494362,0,0,0,0,0,0,0,0,0,0,0,0
0.495956,0,0,0,0,0,0,0,0,0,0,0,0
0.497595,0,0,0,0,0,0,0,0,0,0,0,0
0.499191,0,0,0,0,0,0,0,0,0,0,0,0
0.500798,0,0,0,0,0,0,0,0,0,0,0,0
0.502316,0,0,0,0,0,0,0,0,0,0,0,0
0.503878,0,0,0,0,0,0,0,0,0,0,0,0
0.505475,0,0,0,0,0,0,0,0,0,0,0,0
0.507070,0,0,0,0,0,0,0,0,0,0,0,0
0.508663,0,0,0,0,0,0,0,0,0,0,0,0
0.510252,0,0,0,0,0,0,0,0,0,0,0,0
0.511848,0,0,0,0,0,0,0,0,0,0,0,0
0.513356,0,0,0,0,0,0,0,0,0,0,0,0
0.514959,0,0,0,0,0,0,0,0,0,0,0,0
0.516552,0,0,0,0,0,0,0,0,0,0,0,0
0.518241,0,0,0,0,0,0,0,0,0,0,0,0
0.519835,0,0,0,0,0,0,0,0,0,0,0,0
0.521431,0,0,0,0,0,0,0,0,0,0,0,0
0.523037,0,0,0,0,0,0,0,0,0,0,0,0
0.524630,0,0,0,0,0,0,0,0,0,0,0,0
0.526227,0,0,0,0,0,0,0,0,0,0,0,0
0.527818,0,0,0,0,0,0,0,0,0,0,0,0
0.529458,0,0,0,0,0,0,0,0,0,0,0,0
0.531051,0,0,0,0,0,0,0,0,0,0,0,0
0.532643,0,0,0,0,0,0,0,0,0,0,0,0
0.534253,0,0,0,0,0,0,0,0,0,0,0,0
0.535845,0,0,0,0,0,0,0,0,0,0,0,0
0.537440,0,0,0,0,0,0,0,0,0,0,0,0
0.539033,0,0,0,0,0,0,0,0,0,0,0,0
0.540624,0,0,0,0,0,0,0,0,0,0,0,0
0.542221,0,0,0,0,0,0,0,0,0,0,0,0
0.543813,0,0,0,0,0,0,0,0,0,0,0,0
0.545349,0,0,0,0,0,0,0,0,0,0,0,0
0.546936,0,0,0,0,0,0,0,0,0,0,0,0
0.548528,0,0,0,0,0,0,0,0,0,0,0,0
0.550182,0,0,0,0,0,0,0,0,0,0,0,0
0.551773,0,0,0,0,0,0,0,0,0,0,0,0
0.553368,0,0,0,0,0,0,0,0,0,0,0,0
0.554961,0,0,0,0,0,0,0,0,0,0,0,0
0.556442,0,0,0,0,0,0,0,0,0,0,0,0
0.558006,0,0,0,0,0,0,0,0,0,0,0,0
0.559599,0,0,0,0,0,0,0,0,0,0,0,0
0.561194,0,0,0,0,0,0,0,0,0,0,0,0
0.562788,0,0,0,0,0,0,0,0,0,0,0,0
0.564379,0,0,0,0,0,0,0,0,0,0,0,0
0.565973,0,0,0,0,0,0,0,0,0,0,0,0
0.567580,0,0,0,0,0,0,0,0,0,0,0,0
0.569175,0,0,0,0,0,0,0,0,0,0,0,0
0.570769,0,0,0,0,0,0,0,0,0,0,0,0
0.572359,0,0,0,0,0,0,0,0,0,0,0,0
0.573952,0,0,0,0,0,0,0,0,0,0,0,0
0.575544,0,0,0,0,0,0,0,0,0,0,0,0
0.577139,0,0,0,0,0,0,0,0,0,0,0,0
0.578792,0,0,0,0,0,0,0,0,0,0,0,0
0.580419,0,0,0,0,0,0,0,0,0,0,0,0
0.582011,0,0,0,0,0,0,0,0,0,0,0,0
0.583605,0,0,0,0,0,0,0,0,0,0,0,0
0.585200,0,0,0,0,0,0,0,0,0,0,0,0
0.586793,0,0,0,0,0,0,0,0,0,0,0,0
0.588385,0,0,0,0,0,0,0,0,0,0,0,0
0.589990,0,0,0,0,0,0,0,0,0,0,0,0
0.591584,0,0,0,0,0,0,0,0,0,0,0,0
0.593178,0,0,0,0,0,0,0,0,0,0,0,0
0.594816,0,0,0,0,0,0,0,0,0,0,0,0
0.596407,0,0,0,0,0,0,0,0,0,0,0,0
0.597999,0,0,0,0,0,0,0,0,0,0,0,0
0.599483,0,0,0,0,0,0,0,0,0,0,0,0
0.601066,0,0,0,0,0,0,0,0,0,0,0,0
0.602661,0,0,0,0,0,0,0,0,0,0,0,0
0.604254,0,0,0,0,0,0,0,0,0,0,0,0
0.605849,0,0,0,0,0,0,0,0,0,0,0,0
0.607436,0,0,0,0,0,0,0,0,0,0,0,0
0.609133,0,0,0,0,0,0,0,0,0,0,0,0
0.610767,0,0,0,0,0,0,0,0,0,0,0,0
0.612375,0,0,0,0,0,0,0,0,0,0,0,0
0.613970,0,0,0,0,0,0,0,0,0,0,0,0
0.615565,0,0,0,0,0,0,0,0,0,0,0,0
0.617162,0,0,0,0,0,0,0,0,0,0,0,0
0.618757,0,0,0,0,0,0,0,0,0,0,0,0
0.620351,0,0,0,0,0,0,0,0,0,0,0,0
0.621946,0,0,0,0,0,0,0,0,0,0,0,0
0.623553,0,0,0,0,0,0,0,0,0,0,0,0
0.625151,0,0,0,0,0,0,0,0,0,0,0,0
0.626791,0,0,0,0,0,0,0,0,0,0,0,0
0.628384,0,0,0,0,0,0,0,0,0,0,0,0
0.629980,0,0,0,0,0,0,0,0,0,0,0,0
0.631577,0,0,0,0,0,0,0,0,0,0,0,0
0.633174,0,0,0,0,0,0,0,0,0,0,0,0
0.634782,0,0,0,0,0,0,0,0,0,0,0,0
0.636376,0,0,0,0,0,0,0,0,0,0,0,0
0.637970,0,0,0,0,0,0,0,0,0,0,0,0
0.639566,0,0,0,0,0,0,0,0,0,0,0,0
0.641161,0,0,0,0,0,0,0,0,0,0,0,0
0.642801,0,0,0,0,0,0,0,0,0,0,0,0
0.644395,0,0,0,0,0,0,0,0,0,0,0,0
0.645876,0,0,0,0,0,0,0,0,0,0,0,0
0.647441,0,0,0,0,0,0,0,0,0,0,0,0
0.649039,0,0,0,0,0,0,0,0,0,0,0,0
0.650634,0,0,0,0,0,0,0,0,0,0,0,0
0.652227,0,0,0,0,0,0,0,0,0,0,0,0
0.653821,0,0,0,0,0,0,0,0,0,0,0,0
0.655416,0,0,0,0,0,0,0,0,0,0,0,0
0.657026,0,0,0,0,0,0,0,0,0,0,0,0
0.658664,0,0,0,0,0,0,0,0,0,0,0,0
0.660257,0,0,0,0,0,0,0,0,0,0,0,0
0.661851,0,0,0,0,0,0,0,0,0,0,0,0
0.663446,0,0,0,0,0,0,0,0,0,0,0,0
0.665044,0,0,0,0,0,0,0,0,0,0,0,0
0.666639,0,0,0,0,0,0,0,0,0,0,0,0
0.668245,0,0,0,0,0,0,0,0,0,0,0,0
0.669841,0,0,0,0,0,0,0,0,0,0,0,0
0.671437,0,0,0,0,0,0,0,0,0,0,0,0
0.673034,0,0,0,0,0,0,0,0,0,0,0,0
0.674674,0,0,0,0,0,0,0,0,0,0,0,0
0.676268,0,0,0,0,0,0,0,0,0,0,0,0
0.677863,0,0,0,0,0,0,0,0,0,0,0,0
0.679472,0,0,0,0,0,0,0,0,0,0,0,0
0.681068,0,0,0,0,0,0,0,0,0,0,0,0
0.682665,0,0,0,0,0,0,0,0,0,0,0,0
0.684259,0,0,0,0,0,0,0,0,0,0,0,0
0.685853,0,0,0,0,0,0,0,0,0,0,0,0
0.687448,0,0,0,0,0,0,0,0,0,0,0,0
0.689045,0,0,0,0,0,0,0,0,0,0,0,0
0.690696,0,0,0,0,0,0,0,0,0,0,0,0
0.692289,0,0,0,0,0,0,0,0,0,0,0,0
0.693885,0,0,0,0,0,0,0,0,0,0,0,0
0.695355,0,0,0,0,0,0,0,0,0,0,0,0
0.696760,0,0,0,0,0,0,0,0,0,0,0,0
0.698410,0,0,0,0,0,0,0,0,0,0,0,0
0.699957,0,0,0,0,0,0,0,0,0,0,0,0
0.701401,0,0,0,0,0,0,0,0,0,0,0,0
0.702834,0,0,0,0,0,0,0,0,0,0,0,0
0.704264,0,0,0,0,0,0,0,0,0,0,0,0
0.705866,0,0,0,0,0,0,0,0,0,0,0,0
0.707461,0,0,0,0,0,0,0,0,0,0,0,0
0.709058,0,0,0,0,0,0,0,0,0,0,0,0
0.710551,0,0,0,0,0,0,0,0,0,0,0,0
0.712152,0,0,0,0,0,0,0,0,0,0,0,0
0.713746,0,0,0,0,0,0,0,0,0,0,0,0
0.715341,0,0,0,0,0,0,0,0,0,0,0,0
0.716938,0,0,0,0,0,0,0,0,0,0,0,0
0.718533,0,0,0,0,0,0,0,0,0,0,0,0
0.720126,0,0,0,0,0,0,0,0,0,0,0,0
0.721604,0,0,0,0,0,0,0,0,0,0,0,0
0.723204,0,0,0,0,0,0,0,0,0,0,0,0
0.724796,0,0,0,0,0,0,0,0,0,0,0,0
0.726263,0,0,0,0,0,0,0,0,0,0,0,0
0.727698,0,0,0,0,0,0,0,0,0,0,0,0
0.729258,0,0,0,0,0,0,0,0,0,0,0,0
0.730850,0,0,0,0,0,0,0,0,0,0,0,0
0.732443,0,0,0,0,0,0,0,0,0,0,0,0
0.734102,0,0,0,0,0,0,0,0,0,0,0,0
0.735694,0,0,0,0,0,0,0,0,0,0,0,0
0.737494,0,0,0,0,0,0,0,0,0,0,0,0
0.738965,0,0,0,0,0,0,0,0,0,0,0,0
0.740400,0,0,0,0,0,0,0,0,0,0,0,0
0.742668,0,0,0,0,0,0,0,0,0,0,0,0
0.744143,0,0,0,0,0,0,0,0,0,0,0,0
0.745574,0,0,0,0,0,0,0,0,0,0,0,0
0.747132,0,0,0,0,0,0,0,0,0,0,0,0
0.748723,0,0,0,0,0,0,0,0,0,0,0,0
0.750319,0,0,0,0,0,0,0,0,0,0,0,0
0.751909,0,0,0,0,0,0,0,0,0,0,0,0
0.753548,0,0,0,0,0,0,0,0,0,0,0,0
0.755156,0,0,0,0,0,0,0,0,0,0,0,0
0.756747,0,0,0,0,0,0,0,0,0,0,0,0
0.758344,0,0,0,0,0,0,0,0,0,0,0,0
0.759935,0,0,0,0,0,0,0,0,0,0,0,0
0.761530,0,0,0,0,0,0,0,0,0,0,0,0
0.763124,0,0,0,0,0,0,0,0,0,0,0,0
0.764716,0,0,0,0,0,0,0,0,0,0,0,0
0.766326,0,0,0,0,0,0,0,0,0,0,0,0
0.767919,0,0,0,0,0,0,0,0,0,0,0,0
0.769556,0,0,0,0,0,0,0,0,0,0,0,0
0.771150,0,0,0,0,0,0,0,0,0,0,0,0
0.772742,0,0,0,0,0,0,0,0,0,0,0,0
0.774339,0,0,0,0,0,0,0,0,0,0,0,0
0.775931,0,0,0,0,0,0,0,0,0,0,0,0
0.777576,0,0,0,0,0,0,0,0,0,0,0,0
0.779169,0,0,0,0,0,0,0,0,0,0,0,0
0.780761,0,0,0,0,0,0,0,0,0,0,0,0
0.782358,0,0,0,0,0,0,0,0,0,0,0,0
0.783951,0,0,0,0,0,0,0,0,0,0,0,0
0.785588,0,0,0,0,0,0,0,0,0,0,0,0
0.787182,0,0,0,0,0,0,0,0,0,0,0,0
0.788787,0,0,0,0,0,0,0,0,0,0,0,0
0.790381,0,0,0,0,0,0,0,0,0,0,0,0
0.791972,0,0,0,0,0,0,0,0,0,0,0,0
0.793568,0,0,0,0,0,0,0,0,0,0,0,0
0.795162,0,0,0,0,0,0,0,0,0,0,0,0
0.796754,0,0,0,0,0,0,0,0,0,0,0,0
0.798350,0,0,0,0,0,0,0,0,0,0,0,0
0.799833,0,0,0,0,0,0,0,0,0,0,0,0
0.801449,0,0,0,0,0,0,0,0,0,0,0,0
0.803045,0,0,0,0,0,0,0,0,0,0,0,0
0.804638,0,0,0,0,0,0,0,0,0,0,0,0
0.806237,0,0,0,0,0,0,0,0,0,0,0,0
0.807831,0,0,0,0,0,0,0,0,0,0,0,0
0.809427,0,0,0,0,0,0,0,0,0,0,0,0
0.811037,0,0,0,0,0,0,0,0,0,0,0,0
0.812631,0,0,0,0,0,0,0,0,0,0,0,0
0.814230,0,0,0,0,0,0,0,0,0,0,0,0
0.815823,0,0,0,0,0,0,0,0,0,0,0,0
0.817463,0,0,0,0,0,0,0,0,0,0,0,0
0.819060,0,0,0,0,0,0,0,0,0,0,0,0
0.820653,0,0,0,0,0,0,0,0,0,0,0,0
0.822266,0,0,0,0,0,0,0,0,0,0,0,0
0.823860,0,0,0,0,0,0,0,0,0,0,0,0
0.825457,0,0,0,0,0,0,0,0,0,0,0,0
0.827051,0,0,0,0,0,0,0,0,0,0,0,0
0.828644,0,0,0,0,0,0,0,0,0,0,0,0
0.830244,0,0,0,0,0,0,0,0,0,0,0,0
0.831837,0,0,0,0,0,0,0,0,0,0,0,0
0.833365,0,0,0,0,0,0,0,0,0,0,0,0
0.834932,0,0,0,0,0,0,0,0,0,0,0,0
0.836526,0,0,0,0,0,0,0,0,0,0,0,0
0.838093,0,0,0,0,0,0,0,0,0,0,0,0
0.839657,0,0,0,0,0,0,0,0,0,0,0,0
0.841255,0,0,0,0,0,0,0,0,0,0,0,0
0.842851,0,0,0,0,0,0,0,0,0,0,0,0
0.844458,0,0,0,0,0,0,0,0,0,0,0,0
0.846105,0,0,0,0,0,0,0,0,0,0,0,0
0.847700,0,0,0,0,0,0,0,0,0,0,0,0
0.849341,0,0,0,0,0,0,0,0,0,0,0,0
0.850936,0,0,0,0,0,0,0,0,0,0,0,0
0.852530,0,0,0,0,0,0,0,0,0,0,0,0
0.854210,0,0,0,0,0,0,0,0,0,0,0,0
0.855818,0,0,0,0,0,0,0,0,0,0,0,0
0.857415,0,0,0,0,0,0,0,0,0,0,0,0
0.859010,0,0,0,0,0,0,0,0,0,0,0,0
0.860605,0,0,0,0,0,0,0,0,0,0,0,0
0.862205,0,0,0,0,0,0,0,0,0,0,0,0
0.863799,0,0,0,0,0,0,0,0,0,0,0,0
0.865440,0,0,0,0,0,0,0,0,0,0,0,0
0.867050,0,0,0,0,0,0,0,0,0,0,0,0
0.868644,0,0,0,0,0,0,0,0,0,0,0,0
0.870244,0,0,0,0,0,0,0,0,0,0,0,0
0.871839,0,0,0,0,0,0,0,0,0,0,0,0
0.873436,0,0,0,0,0,0,0,0,0,0,0,0
0.875032,0,0,0,0,0,0,0,0,0,0,0,0
0.876626,0,0,0,0,0,0,0,0,0,0,0,0
0.878114,0,0,0,0,0,0,0,0,0,0,0,0
0.879681,0,0,0,0,0,0,0,0,0,0,0,0
0.881737,0,0,0,0,0,0,0,0,0,0,0,0
0.883331,0,0,0,0,0,0,0,0,0,0,0,0
0.885019,0,0,0,0,0,0,0,0,0,0,0,0
0.886460,0,0,0,0,0,0,0,0,0,0,0,0
0.887892,0,0,0,0,0,0,0,0,0,0,0,0
0.889331,0,0,0,0,0,0,0,0,0,0,0,0
0.890892,0,0,0,0,0,0,0,0,0,0,0,0
0.892487,0,0,0,0,0,0,0,0,0,0,0,0
0.894137,0,0,0,0,0,0,0,0,0,0,0,0
0.895732,0,0,0,0,0,0,0,0,0,0,0,0
0.897373,0,0,0,0,0,0,0,0,0,0,0,0
0.898970,0,0,0,0,0,0,0,0,0,0,0,0
0.900579,0,0,0,0,0,0,0,0,0,0,0,0
0.902180,0,0,0,0,0,0,0,0,0,0,0,0
0.903775,0,0,0,0,0,0,0,0,0,0,0,0
0.905373,0,0,0,0,0,0,0,0,0,0,0,0
0.906970,0,0,0,0,0,0,0,0,0,0,0,0
0.908564,0,0,0,0,0,0,0,0,0,0,0,0
0.910164,0,0,0,0,0,0,0,0,0,0,0,0
0.911773,0,0,0,0,0,0,0,0,0,0,0,0
0.913413,0,0,0,0,0,0,0,0,0,0,0,0
0.915011,0,0,0,0,0,0,0,0,0,0,0,0
0.916606,0,0,0,0,0,0,0,0,0,0,0,0
0.918206,0,0,0,0,0,0,0,0,0,0,0,0
0.919802,0,0,0,0,0,0,0,0,0,0,0,0
0.921400,0,0,0,0,0,0,0,0,0,0,0,0
0.923010,0,0,0,0,0,0,0,0,0,0,0,0
0.924603,0,0,0,0,0,0,0,0,0,0,0,0
0.926201,0,0,0,0,0,0,0,0,0,0,0,0
0.927794,0,0,0,0,0,0,0,0,0,0,0,0
0.929435,0,0,0,0,0,0,0,0,0,0,0,0
0.931029,0,0,0,0,0,0,0,0,0,0,0,0
0.932622,0,0,0,0,0,0,0,0,0,0,0,0
0.934112,0,0,0,0,0,0,0,0,0,0,0,0
0.935680,0,0,0,0,0,0,0,0,0,0,0,0
0.937280,0,0,0,0,0,0,0,0,0,0,0,0
0.938879,0,0,0,0,0,0,0,0,0,0,0,0
0.940477,0,0,0,0,0,0,0,0,0,0,0,0
0.942033,0,0,0,0,0,0,0,0,0,0,0,0
0.943600,0,0,0,0,0,0,0,0,0,0,0,0
0.945213,0,0,0,0,0,0,0,0,0,0,0,0
0.946812,0,0,0,0,0,0,0,0,0,0,0,0
0.948410,0,0,0,0,0,0,0,0,0,0,0,0
0.950009,0,0,0,0,0,0,0,0,0,0,0,0
0.951609,0,0,0,0,0,0,0,0,0,0,0,0
0.953210,0,0,0,0,0,0,0,0,0,0,0,0
0.954809,0,0,0,0,0,0,0,0,0,0,0,0
0.956419,0,0,0,0,0,0,0,0,0,0,0,0
0.958018,0,0,0,0,0,0,0,0,0,0,0,0
0.959617,0,0,0,0,0,0,0,0,0,0,0,0
0.961187,0,0,0,0,0,0,0,0,0,0,0,0
0.962655,0,0,0,0,0,0,0,0,0,0,0,0
0.964091,0,0,0,0,0,0,0,0,0,0,0,0
0.965528,0,0,0,0,0,0,0,0,0,0,0,0
0.966972,0,0,0,0,0,0,0,0,0,0,0,0
0.968407,0,0,0,0,0,0,0,0,0,0,0,0
0.969915,0,0,0,0,0,0,0,0,0,0,0,0
0.971417,0,0,0,0,0,0,0,0,0,0,0,0
0.972924,0,0,0,0,0,0,0,0,0,0,0,0
0.974427,0,0,0,0,0,0,0,0,0,0,0,0
0.975856,0,0,0,0,0,0,0,0,0,0,0,0
0.977336,0,0,0,0,0,0,0,0,0,0,0,0
0.978766,0,0,0,0,0,0,0,0,0,0,0,0
0.980194,0,0,0,0,0,0,0,0,0,0,0,0
0.981622,0,0,0,0,0,0,0,0,0,0,0,0
0.983171,0,0,0,0,0,0,0,0,0,0,0,0
0.984761,0,0,0,0,0,0,0,0,0,0,0,0
0.986422,0,0,0,0,0,0,0,0,0,0,0,0
0.987901,0,0,0,0,0,0,0,0,0,0,0,0
0.989338,0,0,0,0,0,0,0,0,0,0,0,0
0.990903,0,0,0,0,0,0,0,0,0,0,0,0
0.992500,0,0,0,0,0,0,0,0,0,0,0,0
0.994191,0,0,0,0,0,0,0,0,0,0,0,0
0.995674,0,0,0,0,0,0,0,0,0,0,0,0
0.997244,0,0,0,0,0,0,0,0,0,0,0,0
0.998855,0,0,0,0,0,0,0,0,0,0,0,0
1.000331,0,0,0,0,0,0,0,0,0,0,0,0
1.001907,0,0,0,0,0,0,0,0,0,0,0,0
1.003508,0,0,0,0,0,0,0,0,0,0,0,0
1.005118,0,0,0,0,0,0,0,0,0,0,0,0
1.006717,0,0,0,0,0,0,0,0,0,0,0,0
1.008317,0,0,0,0,0,0,0,0,0,0,0,0
1.009976,0,0,0,0,0,0,0,0,0,0,0,0
1.011577,0,0,0,0,0,0,0,0,0,0,0,0
1.013180,0,0,0,0,0,0,0,0,0,0,0,0
1.014781,0,0,0,0,0,0,0,0,0,0,0,0
1.016381,0,0,0,0,0,0,0,0,0,0,0,0
1.017982,0,0,0,0,0,0,0,0,0,0,0,0
1.019574,0,0,0,0,0,0,0,0,0,0,0,0
1.021135,0,0,0,0,0,0,0,0,0,0,0,0
1.022523,0,0,0,0,0,0,0,0,0,0,0,0
1.023955,0,0,0,0,0,0,0,0,0,0,0,0
1.025427,0,0,0,0,0,0,0,0,0,0,0,0
1.027026,0,0,0,0,0,0,0,0,0,0,0,0
1.028626,0,0,0,0,0,0,0,0,0,0,0,0
1.030230,0,0,0,0,0,0,0,0,0,0,0,0
1.031843,0,0,0,0,0,0,0,0,0,0,0,0
1.033446,0,0,0,0,0,0,0,0,0,0,0,0
1.035048,0,0,0,0,0,0,0,0,0,0,0,0
1.036648,0,0,0,0,0,0,0,0,0,0,0,0
1.038253,0,0,0,0,0,0,0,0,0,0,0,0
1.039852,0,0,0,0,0,0,0,0,0,0,0,0
1.041500,0,0,0,0,0,0,0,0,0,0,0,0
1.043117,0,0,0,0,0,0,0,0,0,0,0,0
1.044717,0,0,0,0,0,0,0,0,0,0,0,0
1.046324,0,0,0,0,0,0,0,0,0,0,0,0
1.047923,0,0,0,0,0,0,0,0,0,0,0,0
1.049419,0,0,0,0,0,0,0,0,0,0,0,0
1.051017,0,0,0,0,0,0,0,0,0,0,0,0
1.052617,0,0,0,0,0,0,0,0,0,0,0,0
1.054231,0,0,0,0,0,0,0,0,0,0,0,0
1.055822,0,0,0,0,0,0,0,0,0,0,0,0
1.057332,0,0,0,0,0,0,0,0,0,0,0,0
1.058901,0,0,0,0,0,0,0,0,0,0,0,0
1.060499,0,0,0,0,0,0,0,0,0,0,0,0
1.062041,0,0,0,0,0,0,0,0,0,0,0,0
1.063609,0,0,0,0,0,0,0,0,0,0,0,0
1.065221,0,0,0,0,0,0,0,0,0,0,0,0
1.066822,0,0,0,0,0,0,0,0,0,0,0,0
1.068418,0,0,0,0,0,0,0,0,0,0,0,0
1.070018,0,0,0,0,0,0,0,0,0,0,0,0
1.071630,0,0,0,0,0,0,0,0,0,0,0,0
1.074120,0,0,0,0,0,0,0,0,0,0,0,0
1.075594,0,0,0,0,0,0,0,0,0,0,0,0
1.077031,0,0,0,0,0,0,0,0,0,0,0,0
1.078470,0,0,0,0,0,0,0,0,0,0,0,0
1.079906,0,0,0,0,0,0,0,0,0,0,0,0
1.081345,0,0,0,0,0,0,0,0,0,0,0,0
1.082781,0,0,0,0,0,0,0,0,0,0,0,0
1.084344,0,0,0,0,0,0,0,0,0,0,0,0
1.085958,0,0,0,0,0,0,0,0,0,0,0,0
1.087560,0,0,0,0,0,0,0,0,0,0,0,0
1.089163,0,0,0,0,0,0,0,0,0,0,0,0
1.090810,0,0,0,0,0,0,0,0,0,0,0,0
1.092410,0,0,0,0,0,0,0,0,0,0,0,0
1.094012,0,0,0,0,0,0,0,0,0,0,0,0
1.095613,0,0,0,0,0,0,0,0,0,0,0,0
1.097231,0,0,0,0,0,0,0,0,0,0,0,0
1.098832,0,0,0,0,0,0,0,0,0,0,0,0
1.100432,0,0,0,0,0,0,0,0,0,0,0,0
1.101906,0,0,0,0,0,0,0,0,0,0,0,0
1.103476,0,0,0,0,0,0,0,0,0,0,0,0
1.105078,0,0,0,0,0,0,0,0,0,0,0,0
1.106726,0,0,0,0,0,0,0,0,0,0,0,0
1.108215,0,0,0,0,0,0,0,0,0,0,0,0
1.109782,0,0,0,0,0,0,0,0,0,0,0,0
1.111379,0,0,0,0,0,0,0,0,0,0,0,0
1.112978,0,0,0,0,0,0,0,0,0,0,0,0
1.114575,0,0,0,0,0,0,0,0,0,0,0,0
1.116170,0,0,0,0,0,0,0,0,0,0,0,0
1.117767,0,0,0,0,0,0,0,0,0,0,0,0
1.119374,0,0,0,0,0,0,0,0,0,0,0,0
1.121066,0,0,0,0,0,0,0,0,0,0,0,0
1.122661,0,0,0,0,0,0,0,0,0,0,0,0
1.124256,0,0,0,0,0,0,0,0,0,0,0,0
1.125851,0,0,0,0,0,0,0,0,0,0,0,0
1.127447,0,0,0,0,0,0,0,0,0,0,0,0
1.129044,0,0,0,0,0,0,0,0,0,0,0,0
1.130653,0,0,0,0,0,0,0,0,0,0,0,0
1.132247,0,0,0,0,0,0,0,0,0,0,0,0
1.133843,0,0,0,0,0,0,0,0,0,0,0,0
1.135440,0,0,0,0,0,0,0,0,0,0,0,0
1.137035,0,0,0,0,0,0,0,0,0,0,0,0
1.138672,0,0,0,0,0,0,0,0,0,0,0,0
1.140266,0,0,0,0,0,0,0,0,0,0,0,0
1.141875,0,0,0,0,0,0,0,0,0,0,0,0
1.143471,0,0,0,0,0,0,0,0,0,0,0,0
1.145068,0,0,0,0,0,0,0,0,0,0,0,0
1.146664,0,0,0,0,0,0,0,0,0,0,0,0
1.148258,0,0,0,0,0,0,0,0,0,0,0,0
1.149853,0,0,0,0,0,0,0,0,0,0,0,0
1.151449,0,0,0,0,0,0,0,0,0,0,0,0
1.152937,0,0,0,0,0,0,0,0,0,0,0,0
1.154502,0,0,0,0,0,0,0,0,0,0,0,0
1.156097,0,0,0,0,0,0,0,0,0,0,0,0
1.157693,0,0,0,0,0,0,0,0,0,0,0,0
1.159290,0,0,0,0,0,0,0,0,0,0,0,0
1.161017,0,0,0,0,0,0,0,0,0,0,0,0
1.162498,0,0,0,0,0,0,0,0,0,0,0,0
1.163942,0,0,0,0,0,0,0,0,0,0,0,0
1.165414,0,0,0,0,0,0,0,0,0,0,0,0
1.166851,0,0,0,0,0,0,0,0,0,0,0,0
1.168283,0,0,0,0,0,0,0,0,0,0,0,0
1.169795,0,0,0,0,0,0,0,0,0,0,0,0
1.171228,0,0,0,0,0,0,0,0,0,0,0,0
1.172657,0,0,0,0,0,0,0,0,0,0,0,0
1.174236,0,0,0,0,0,0,0,0,0,0,0,0
1.175831,0,0,0,0,0,0,0,0,0,0,0,0
1.177429,0,0,0,0,0,0,0,0,0,0,0,0
1.179026,0,0,0,0,0,0,0,0,0,0,0,0
1.180620,0,0,0,0,0,0,0,0,0,0,0,0
1.182220,0,0,0,0,0,0,0,0,0,0,0,0
1.183814,0,0,0,0,0,0,0,0,0,0,0,0
1.185424,0,0,0,0,0,0,0,0,0,0,0,0
1.187020,0,0,0,0,0,0,0,0,0,0,0,0
1.188614,0,0,0,0,0,0,0,0,0,0,0,0
1.190215,0,0,0,0,0,0,0,0,0,0,0,0
1.191810,0,0,0,0,0,0,0,0,0,0,0,0
1.193407,0,0,0,0,0,0,0,0,0,0,0,0
1.195004,0,0,0,0,0,0,0,0,0,0,0,0
1.196612,0,0,0,0,0,0,0,0,0,0,0,0
1.198210,0,0,0,0,0,0,0,0,0,0,0,0
1.199802,0,0,0,0,0,0,0,0,0,0,0,0
1.201343,0,0,0,0,0,0,0,0,0,0,0,0
1.202834,0,0,0,0,0,0,0,0,0,0,0,0
1.204451,0,0,0,0,0,0,0,0,0,0,0,0
1.206001,0,0,0,0,0,0,0,0,0,0,0,0
1.207451,0,0,0,0,0,0,0,0,0,0,0,0
1.209022,0,0,0,0,0,0,0,0,0,0,0,0
1.210625,0,0,0,0,0,0,0,0,0,0,0,0
1.212226,0,0,0,0,0,0,0,0,0,0,0,0
1.213824,0,0,0,0,0,0,0,0,0,0,0,0
1.215424,0,0,0,0,0,0,0,0,0,0,0,0
1.217025,0,0,0,0,0,0,0,0,0,0,0,0
1.218686,0,0,0,0,0,0,0,0,0,0,0,0
1.220285,0,0,0,0,0,0,0,0,0,0,0,0
1.221884,0,0,0,0,0,0,0,0,0,0,0,0
1.223484,0,0,0,0,0,0,0,0,0,0,0,0
1.225087,0,0,0,0,0,0,0,0,0,0,0,0
1.226690,0,0,0,0,0,0,0,0,0,0,0,0
1.228291,0,0,0,0,0,0,0,0,0,0,0,0
1.229905,0,0,0,0,0,0,0,0,0,0,0,0
1.231506,0,0,0,0,0,0,0,0,0,0,0,0
1.233111,0,0,0,0,0,0,0,0,0,0,0,0
1.234758,0,0,0,0,0,0,0,0,0,0,0,0
1.236358,0,0,0,0,0,0,0,0,0,0,0,0
1.237960,0,0,0,0,0,0,0,0,0,0,0,0
1.239562,0,0,0,0,0,0,0,0,0,0,0,0
1.241213,0,0,0,0,0,0,0,0,0,0,0,0
1.242815,0,0,0,0,0,0,0,0,0,0,0,0
1.244417,0,0,0,0,0,0,0,0,0,0,0,0
1.246019,0,0,0,0,0,0,0,0,0,0,0,0
1.247611,0,0,0,0,0,0,0,0,0,0,0,0
1.249203,0,0,0,0,0,0,0,0,0,0,0,0
1.250648,0,0,0,0,0,0,0,0,0,0,0,0
1.252223,0,0,0,0,0,0,0,0,0,0,0,0
1.253826,0,0,0,0,0,0,0,0,0,0,0,0
1.255428,0,0,0,0,0,0,0,0,0,0,0,0
1.257030,0,0,0,0,0,0,0,0,0,0,0,0
1.258632,0,0,0,0,0,0,0,0,0,0,0,0
1.260233,0,0,0,0,0,0,0,0,0,0,0,0
1.261834,0,0,0,0,0,0,0,0,0,0,0,0
1.263324,0,0,0,0,0,0,0,0,0,0,0,0
1.264897,0,0,0,0,0,0,0,0,0,0,0,0
1.266499,0,0,0,0,0,0,0,0,0,0,0,0
1.268099,0,0,0,0,0,0,0,0,0,0,0,0
1.269701,0,0,0,0,0,0,0,0,0,0,0,0
1.271302,0,0,0,0,0,0,0,0,0,0,0,0
1.272906,0,0,0,0,0,0,0,0,0,0,0,0
1.274522,0,0,0,0,0,0,0,0,0,0,0,0
1.276123,0,0,0,0,0,0,0,0,0,0,0,0
1.277725,0,0,0,0,0,0,0,0,0,0,0,0
1.279327,0,0,0,0,0,0,0,0,0,0,0,0
1.280931,0,0,0,0,0,0,0,0,0,0,0,0
1.282576,0,0,0,0,0,0,0,0,0,0,0,0
1.284176,0,0,0,0,0,0,0,0,0,0,0,0
1.285789,0,0,0,0,0,0,0,0,0,0,0,0
1.287390,0,0,0,0,0,0,0,0,0,0,0,0
1.288991,0,0,0,0,0,0,0,0,0,0,0,0
1.290593,0,0,0,0,0,0,0,0,0,0,0,0
1.292192,0,0,0,0,0,0,0,0,0,0,0,0
1.293793,0,0,0,0,0,0,0,0,0,0,0,0
1.295393,0,0,0,0,0,0,0,0,0,0,0,0
1.297008,0,0,0,0,0,0,0,0,0,0,0,0
1.298653,0,0,0,0,0,0,0,0,0,0,0,0
1.300251,0,0,0,0,0,0,0,0,0,0,0,0
1.301851,0,0,0,0,0,0,0,0,0,0,0,0
1.303451,0,0,0,0,0,0,0,0,0,0,0,0
1.305053,0,0,0,0,0,0,0,0,0,0,0,0
1.306655,0,0,0,0,0,0,0,0,0,0,0,0
1.308268,0,0,0,0,0,0,0,0,0,0,0,0
1.309868,0,0,0,0,0,0,0,0,0,0,0,0
1.311469,0,0,0,0,0,0,0,0,0,0,0,0
1.313071,0,0,0,0,0,0,0,0,0,0,0,0
1.314717,0,0,0,0,0,0,0,0,0,0,0,0
1.316315,0,0,0,0,0,0,0,0,0,0,0,0
1.317915,0,0,0,0,0,0,0,0,0,0,0,0
1.319529,0,0,0,0,0,0,0,0,0,0,0,0
1.321129,0,0,0,0,0,0,0,0,0,0,0,0
1.322730,0,0,0,0,0,0,0,0,0,0,0,0
1.324329,0,0,0,0,0,0,0,0,0,0,0,0
1.325929,0,0,0,0,0,0,0,0,0,0,0,0
1.327530,0,0,0,0,0,0,0,0,0,0,0,0
1.329132,0,0,0,0,0,0,0,0,0,0,0,0
1.330790,0,0,0,0,0,0,0,0,0,0,0,0
1.332389,0,0,0,0,0,0,0,0,0,0,0,0
1.333989,0,0,0,0,0,0,0,0,0,0,0,0
1.335590,0,0,0,0,0,0,0,0,0,0,0,0
1.337191,0,0,0,0,0,0,0,0,0,0,0,0
1.338792,0,0,0,0,0,0,0,0,0,0,0,0
1.340390,0,0,0,0,0,0,0,0,0,0,0,0
1.341873,0,0,0,0,0,0,0,0,0,0,0,0
1.343443,0,0,0,0,0,0,0,0,0,0,0,0
1.345045,0,0,0,0,0,0,0,0,0,0,0,0
1.346689,0,0,0,0,0,0,0,0,0,0,0,0
1.348288,0,0,0,0,0,0,0,0,0,0,0,0
1.349888,0,0,0,0,0,0,0,0,0,0,0,0
1.351488,0,0,0,0,0,0,0,0,0,0,0,0
1.353104,0,0,0,0,0,0,0,0,0,0,0,0
1.354705,0,0,0,0,0,0,0,0,0,0,0,0
1.356304,0,0,0,0,0,0,0,0,0,0,0,0
1.357903,0,0,0,0,0,0,0,0,0,0,0,0
1.359380,0,0,0,0,0,0,0,0,0,0,0,0
1.360953,0,0,0,0,0,0,0,0,0,0,0,0
1.362597,0,0,0,0,0,0,0,0,0,0,0,0
1.364209,0,0,0,0,0,0,0,0,0,0,0,0
1.365808,0,0,0,0,0,0,0,0,0,0,0,0
1.367443,0,0,0,0,0,0,0,0,0,0,0,0
1.369044,0,0,0,0,0,0,0,0,0,0,0,0
1.370644,0,0,0,0,0,0,0,0,0,0,0,0
1.372241,0,0,0,0,0,0,0,0,0,0,0,0
1.373841,0,0,0,0,0,0,0,0,0,0,0,0
1.375453,0,0,0,0,0,0,0,0,0,0,0,0
1.377054,0,0,0,0,0,0,0,0,0,0,0,0
1.378655,0,0,0,0,0,0,0,0,0,0,0,0
1.380254,0,0,0,0,0,0,0,0,0,0,0,0
1.381852,0,0,0,0,0,0,0,0,0,0,0,0
1.383452,0,0,0,0,0,0,0,0,0,0,0,0
1.385054,0,0,0,0,0,0,0,0,0,0,0,0
1.386541,0,0,0,0,0,0,0,0,0,0,0,0
1.388110,0,0,0,0,0,0,0,0,0,0,0,0
1.389710,0,0,0,0,0,0,0,0,0,0,0,0
1.391310,0,0,0,0,0,0,0,0,0,0,0,0
1.392911,0,0,0,0,0,0,0,0,0,0,0,0
1.394510,0,0,0,0,0,0,0,0,0,0,0,0
1.396109,0,0,0,0,0,0,0,0,0,0,0,0
1.397729,0,0,0,0,0,0,0,0,0,0,0,0
1.399327,0,0,0,0,0,0,0,0,0,0,0,0
1.400828,0,0,0,0,0,0,0,0,0,0,0,0
1.402287,0,0,0,0,0,0,0,0,0,0,0,0
1.403730,0,0,0,0,0,0,0,0,0,0,0,0
1.405299,0,0,0,0,0,0,0,0,0,0,0,0
1.406902,0,0,0,0,0,0,0,0,0,0,0,0
1.408514,0,0,0,0,0,0,0,0,0,0,0,0
1.410171,0,0,0,0,0,0,0,0,0,0,0,0
1.411771,0,0,0,0,0,0,0,0,0,0,0,0
1.413374,0,0,0,0,0,0,0,0,0,0,0,0
1.414976,0,0,0,0,0,0,0,0,0,0,0,0
1.416577,0,0,0,0,0,0,0,0,0,0,0,0
1.418182,0,0,0,0,0,0,0,0,0,0,0,0
1.419795,0,0,0,0,0,0,0,0,0,0,0,0
1.421397,0,0,0,0,0,0,0,0,0,0,0,0
1.422996,0,0,0,0,0,0,0,0,0,0,0,0
1.424594,0,0,0,0,0,0,0,0,0,0,0,0
1.426199,0,0,0,0,0,0,0,0,0,0,0,0
1.427797,0,0,0,0,0,0,0,0,0,0,0,0
1.429399,0,0,0,0,0,0,0,0,0,0,0,0
1.430888,0,0,0,0,0,0,0,0,0,0,0,0
1.432458,0,0,0,0,0,0,0,0,0,0,0,0
1.434120,0,0,0,0,0,0,0,0,0,0,0,0
1.435720,0,0,0,0,0,0,0,0,0,0,0,0
1.437321,0,0,0,0,0,0,0,0,0,0,0,0
1.438922,0,0,0,0,0,0,0,0,0,0,0,0
1.440520,0,0,0,0,0,0,0,0,0,0,0,0
1.442063,0,0,0,0,0,0,0,0,0,0,0,0
1.443630,0,0,0,0,0,0,0,0,0,0,0,0
1.445232,0,0,0,0,0,0,0,0,0,0,0,0
1.446832,0,0,0,0,0,0,0,0,0,0,0,0
1.448430,0,0,0,0,0,0,0,0,0,0,0,0
1.449900,0,0,0,0,0,0,0,0,0,0,0,0
1.451470,0,0,0,0,0,0,0,0,0,0,0,0
1.453084,0,0,0,0,0,0,0,0,0,0,0,0
1.454683,0,0,0,0,0,0,0,0,0,0,0,0
1.456281,0,0,0,0,0,0,0,0,0,0,0,0
1.457925,0,0,0,0,0,0,0,0,0,0,0,0
1.459526,0,0,0,0,0,0,0,0,0,0,0,0
1.461127,0,0,0,0,0,0,0,0,0,0,0,0
1.462727,0,0,0,0,0,0,0,0,0,0,0,0
1.464339,0,0,0,0,0,0,0,0,0,0,0,0
1.465939,0,0,0,0,0,0,0,0,0,0,0,0
1.467539,0,0,0,0,0,0,0,0,0,0,0,0
1.469141,0,0,0,0,0,0,0,0,0,0,0,0
1.470743,0,0,0,0,0,0,0,0,0,0,0,0
1.472341,0,0,0,0,0,0,0,0,0,0,0,0
1.473986,0,0,0,0,0,0,0,0,0,0,0,0
1.475601,0,0,0,0,0,0,0,0,0,0,0,0
1.477203,0,0,0,0,0,0,0,0,0,0,0,0
1.478804,0,0,0,0,0,0,0,0,0,0,0,0
1.480402,0,0,0,0,0,0,0,0,0,0,0,0
1.482002,0,0,0,0,0,0,0,0,0,0,0,0
1.483602,0,0,0,0,0,0,0,0,0,0,0,0
1.485204,0,0,0,0,0,0,0,0,0,0,0,0
1.486695,0,0,0,0,0,0,0,0,0,0,0,0
1.488328,0,0,0,0,0,0,0,0,0,0,0,0
1.490043,0,0,0,0,0,0,0,0,0,0,0,0
1.491709,0,0,0,0,0,0,0,0,0,0,0,0
1.493377,0,0,0,0,0,0,0,0,0,0,0,0
1.495069,0,0,0,0,0,0,0,0,0,0,0,0
1.496743,0,0,0,0,0,0,0,0,0,0,0,0
1.498430,0,0,0,0,0,0,0,0,0,0,0,0
1.500098,0,0,0,0,0,0,0,0,0,0,0,0
1.501766,0,0,0,0,0,0,0,0,0,0,0,0
1.503431,0,0,0,0,0,0,0,0,0,0,0,0
1.505102,0,0,0,0,0,0,0,0,0,0,0,0
1.506819,0,0,0,0,0,0,0,0,0,0,0,0
1.508499,0,0,0,0,0,0,0,0,0,0,0,0
1.510267,0,0,0,0,0,0,0,0,0,0,0,0
1.511933,0,0,0,0,0,0,0,0,0,0,0,0
1.513602,0,0,0,0,0,0,0,0,0,0,0,0
1.515268,0,0,0,0,0,0,0,0,0,0,0,0
1.516937,0,0,0,0,0,0,0,0,0,0,0,0
1.518618,0,0,0,0,0,0,0,0,0,0,0,0
1.520283,0,0,0,0,0,0,0,0,0,0,0,0
1.522000,0,0,0,0,0,0,0,0,0,0,0,0
1.523668,0,0,0,0,0,0,0,0,0,0,0,0
1.525338,0,0,0,0,0,0,0,0,0,0,0,0
1.527006,0,0,0,0,0,0,0,0,0,0,0,0
1.528686,0,0,0,0,0,0,0,0,0,0,0,0
1.530359,0,0,0,0,0,0,0,0,0,0,0,0
1.532026,0,0,0,0,0,0,0,0,0,0,0,0
1.533695,0,0,0,0,0,0,0,0,0,0,0,0
1.535353,0,0,0,0,0,0,0,0,0,0,0,0
1.537086,0,0,0,0,0,0,0,0,0,0,0,0
1.538809,0,0,0,0,0,0,0,0,0,0,0,0
1.540519,0,0,0,0,0,0,0,0,0,0,0,0
1.542243,0,0,0,0,0,0,0,0,0,0,0,0
1.543908,0,0,0,0,0,0,0,0,0,0,0,0
1.545574,0,0,0,0,0,0,0,0,0,0,0,0
1.547240,0,0,0,0,0,0,0,0,0,0,0,0
1.548920,0,0,0,0,0,0,0,0,0,0,0,0
1.550585,0,0,0,0,0,0,0,0,0,0,0,0
1.552250,0,0,0,0,0,0,0,0,0,0,0,0
1.553965,0,0,0,0,0,0,0,0,0,0,0,0
1.555633,0,0,0,0,0,0,0,0,0,0,0,0
1.557300,0,0,0,0,0,0,0,0,0,0,0,0
1.558980,0,0,0,0,0,0,0,0,0,0,0,0
1.560645,0,0,0,0,0,0,0,0,0,0,0,0
1.562315,0,0,0,0,0,0,0,0,0,0,0,0
1.563980,0,0,0,0,0,0,0,0,0,0,0,0
1.565646,0,0,0,0,0,0,0,0,0,0,0,0
1.567312,0,0,0,0,0,0,0,0,0,0,0,0
1.569144,0,0,0,0,0,0,0,0,0,0,0,0
1.570832,0,0,0,0,0,0,0,0,0,0,0,0
1.572496,0,0,0,0,0,0,0,0,0,0,0,0
1.574116,0,0,0,0,0,0,0,0,0,0,0,0
1.575620,0,0,0,0,0,0,0,0,0,0,0,0
1.577118,0,0,0,0,0,0,0,0,0,0,0,0
1.578614,0,0,0,0,0,0,0,0,0,0,0,0
1.580124,0,0,0,0,0,0,0,0,0,0,0,0
1.581561,0,0,0,0,0,0,0,0,0,0,0,0
1.583189,0,0,0,0,0,0,0,0,0,0,0,0
1.584927,0,0,0,0,0,0,0,0,0,0,0,0
1.586708,0,0,0,0,0,0,0,0,0,0,0,0
1.588372,0,0,0,0,0,0,0,0,0,0,0,0
1.590036,0,0,0,0,0,0,0,0,0,0,0,0
1.591716,0,0,0,0,0,0,0,0,0,0,0,0
1.593383,0,0,0,0,0,0,0,0,0,0,0,0
1.595048,0,0,0,0,0,0,0,0,0,0,0,0
1.596713,0,0,0,0,0,0,0,0,0,0,0,0
1.598382,0,0,0,0,0,0,0,0,0,0,0,0
1.600047,0,0,0,0,0,0,0,0,0,0,0,0
1.601598,0,0,0,0,0,0,0,0,0,0,0,0
1.603241,0,0,0,0,0,0,0,0,0,0,0,0
1.604910,0,0,0,0,0,0,0,0,0,0,0,0
1.606578,0,0,0,0,0,0,0,0,0,0,0,0
1.608244,0,0,0,0,0,0,0,0,0,0,0,0
1.609912,0,0,0,0,0,0,0,0,0,0,0,0
1.611581,0,0,0,0,0,0,0,0,0,0,0,0
1.613265,0,0,0,0,0,0,0,0,0,0,0,0
1.614934,0,0,0,0,0,0,0,0,0,0,0,0
1.616601,0,0,0,0,0,0,0,0,0,0,0,0
1.618274,0,0,0,0,0,0,0,0,0,0,0,0
1.619941,0,0,0,0,0,0,0,0,0,0,0,0
1.621611,0,0,0,0,0,0,0,0,0,0,0,0
1.623294,0,0,0,0,0,0,0,0,0,0,0,0
1.624964,0,0,0,0,0,0,0,0,0,0,0,0
1.626632,0,0,0,0,0,0,0,0,0,0,0,0
1.628298,0,0,0,0,0,0,0,0,0,0,0,0
1.629966,0,0,0,0,0,0,0,0,0,0,0,0
1.631626,0,0,0,0,0,0,0,0,0,0,0,0
1.633168,0,0,0,0,0,0,0,0,0,0,0,0
1.634853,0,0,0,0,0,0,0,0,0,0,0,0
1.636518,0,0,0,0,0,0,0,0,0,0,0,0
1.638245,0,0,0,0,0,0,0,0,0,0,0,0
1.639909,0,0,0,0,0,0,0,0,0,0,0,0
1.641578,0,0,0,0,0,0,0,0,0,0,0,0
1.643244,0,0,0,0,0,0,0,0,0,0,0,0
1.644792,0,0,0,0,0,0,0,0,0,0,0,0
1.646433,0,0,0,0,0,0,0,0,0,0,0,0
1.648098,0,0,0,0,0,0,0,0,0,0,0,0
1.650086,0,0,0,0,0,0,0,0,0,0,0,0
1.651754,0,0,0,0,0,0,0,0,0,0,0,0
1.653421,0,0,0,0,0,0,0,0,0,0,0,0
1.655103,0,0,0,0,0,0,0,0,0,0,0,0
1.656768,0,0,0,0,0,0,0,0,0,0,0,0
1.658438,0,0,0,0,0,0,0,0,0,0,0,0
1.660103,0,0,0,0,0,0,0,0,0,0,0,0
1.661769,0,0,0,0,0,0,0,0,0,0,0,0
1.663435,0,0,0,0,0,0,0,0,0,0,0,0
1.665116,0,0,0,0,0,0,0,0,0,0,0,0
1.666830,0,0,0,0,0,0,0,0,0,0,0,0
1.668491,0,0,0,0,0,0,0,0,0,0,0,0
1.670266,0,0,0,0,0,0,0,0,0,0,0,0
1.671929,0,0,0,0,0,0,0,0,0,0,0,0
1.673597,0,0,0,0,0,0,0,0,0,0,0,0
1.675276,0,0,0,0,0,0,0,0,0,0,0,0
1.676943,0,0,0,0,0,0,0,0,0,0,0,0
1.678609,0,0,0,0,0,0,0,0,0,0,0,0
1.680273,0,0,0,0,0,0,0,0,0,0,0,0
1.681989,0,0,0,0,0,0,0,0,0,0,0,0
1.683654,0,0,0,0,0,0,0,0,0,0,0,0
1.685334,0,0,0,0,0,0,0,0,0,0,0,0
1.687002,0,0,0,0,0,0,0,0,0,0,0,0
1.688670,0,0,0,0,0,0,0,0,0,0,0,0
1.690279,0,0,0,0,0,0,0,0,0,0,0,0
1.691780,0,0,0,0,0,0,0,0,0,0,0,0
1.693416,0,0,0,0,0,0,0,0,0,0,0,0
1.695083,0,0,0,0,0,0,0,0,0,0,0,0
1.696631,0,0,0,0,0,0,0,0,0,0,0,0
1.698274,0,0,0,0,0,0,0,0,0,0,0,0
1.699940,0,0,0,0,0,0,0,0,0,0,0,0
1.701608,0,0,0,0,0,0,0,0,0,0,0,0
1.703275,0,0,0,0,0,0,0,0,0,0,0,0
1.704945,0,0,0,0,0,0,0,0,0,0,0,0
1.706613,0,0,0,0,0,0,0,0,0,0,0,0
1.708294,0,0,0,0,0,0,0,0,0,0,0,0
1.709961,0,0,0,0,0,0,0,0,0,0,0,0
1.711628,0,0,0,0,0,0,0,0,0,0,0,0
1.713347,0,0,0,0,0,0,0,0,0,0,0,0
1.715015,0,0,0,0,0,0,0,0,0,0,0,0
1.716680,0,0,0,0,0,0,0,0,0,0,0,0
1.718407,0,0,0,0,0,0,0,0,0,0,0,0
1.720072,0,0,0,0,0,0,0,0,0,0,0,0
1.721738,0,0,0,0,0,0,0,0,0,0,0,0
1.723406,0,0,0,0,0,0,0,0,0,0,0,0
1.725074,0,0,0,0,0,0,0,0,0,0,0,0
1.726742,0,0,0,0,0,0,0,0,0,0,0,0
1.728420,0,0,0,0,0,0,0,0,0,0,0,0
1.730163,0,0,0,0,0,0,0,0,0,0,0,0
1.731829,0,0,0,0,0,0,0,0,0,0,0,0
1.733497,0,0,0,0,0,0,0,0,0,0,0,0
1.735164,0,0,0,0,0,0,0,0,0,0,0,0
1.736830,0,0,0,0,0,0,0,0,0,0,0,0
1.738652,0,0,0,0,0,0,0,0,0,0,0,0
1.740317,0,0,0,0,0,0,0,0,0,0,0,0
1.741984,0,0,0,0,0,0,0,0,0,0,0,0
1.748948,0,0,0,0,0,0,0,0,0,0,0,0
1.750516,0,0,0,0,0,0,0,0,0,0,0,0
1.752024,0,0,0,0,0,0,0,0,0,0,0,0
1.753518,0,0,0,0,0,0,0,0,0,0,0,0
1.755011,0,0,0,0,0,0,0,0,0,0,0,0
1.756501,0,0,0,0,0,0,0,0,0,0,0,0
1.758115,0,0,0,0,0,0,0,0,0,0,0,0
1.759610,0,0,0,0,0,0,0,0,0,0,0,0
1.761119,0,0,0,0,0,0,0,0,0,0,0,0
1.762659,0,0,0,0,0,0,0,0,0,0,0,0
1.764155,0,0,0,0,0,0,0,0,0,0,0,0
1.765651,0,0,0,0,0,0,0,0,0,0,0,0
1.767146,0,0,0,0,0,0,0,0,0,0,0,0
1.768640,0,0,0,0,0,0,0,0,0,0,0,0
1.770137,0,0,0,0,0,0,0,0,0,0,0,0
1.771651,0,0,0,0,0,0,0,0,0,0,0,0
1.773147,0,0,0,0,0,0,0,0,0,0,0,0
1.774642,0,0,0,0,0,0,0,0,0,0,0,0
1.776135,0,0,0,0,0,0,0,0,0,0,0,0
1.777672,0,0,0,0,0,0,0,0,0,0,0,0
1.779202,0,0,0,0,0,0,0,0,0,0,0,0
1.780698,0,0,0,0,0,0,0,0,0,0,0,0
1.782686,0,0,0,0,0,0,0,0,0,0,0,0
1.784181,0,0,0,0,0,0,0,0,0,0,0,0
1.785677,0,0,0,0,0,0,0,0,0,0,0,0
1.787172,0,0,0,0,0,0,0,0,0,0,0,0
1.788666,0,0,0,0,0,0,0,0,0,0,0,0
1.790158,0,0,0,0,0,0,0,0,0,0,0,0
1.791632,0,0,0,0,0,0,0,0,0,0,0,0
1.793431,0,0,0,0,0,0,0,0,0,0,0,0
1.794927,0,0,0,0,0,0,0,0,0,0,0,0
1.796643,0,0,0,0,0,0,0,0,0,0,0,0
1.798934,0,0,0,0,0,0,0,0,0,0,0,0
1.800428,0,0,0,0,0,0,0,0,0,0,0,0
1.801966,0,0,0,0,0,0,0,0,0,0,0,0
1.803484,0,0,0,0,0,0,0,0,0,0,0,0
1.805003,0,0,0,0,0,0,0,0,0,0,0,0
1.806500,0,0,0,0,0,0,0,0,0,0,0,0
1.807995,0,0,0,0,0,0,0,0,0,0,0,0
1.809535,0,0,0,0,0,0,0,0,0,0,0,0
1.811031,0,0,0,0,0,0,0,0,0,0,0,0
1.812526,0,0,0,0,0,0,0,0,0,0,0,0
1.814229,0,0,0,0,0,0,0,0,0,0,0,0
1.815768,0,0,0,0,0,0,0,0,0,0,0,0
1.817282,0,0,0,0,0,0,0,0,0,0,0,0
1.818783,0,0,0,0,0,0,0,0,0,0,0,0
1.820280,0,0,0,0,0,0,0,0,0,0,0,0
1.821778,0,0,0,0,0,0,0,0,0,0,0,0
1.823269,0,0,0,0,0,0,0,0,0,0,0,0
1.824774,0,0,0,0,0,0,0,0,0,0,0,0
1.826447,0,0,0,0,0,0,0,0,0,0,0,0
1.827943,0,0,0,0,0,0,0,0,0,0,0,0
1.829438,0,0,0,0,0,0,0,0,0,0,0,0
1.830936,0,0,0,0,0,0,0,0,0,0,0,0
1.832433,0,0,0,0,0,0,0,0,0,0,0,0
1.833975,0,0,0,0,0,0,0,0,0,0,0,0
1.835615,0,0,0,0,0,0,0,0,0,0,0,0
1.837286,0,0,0,0,0,0,0,0,0,0,0,0
1.838956,0,0,0,0,0,0,0,0,0,0,0,0
1.840622,0,0,0,0,0,0,0,0,0,0,0,0
1.842297,0,0,0,0,0,0,0,0,0,0,0,0
1.843965,0,0,0,0,0,0,0,0,0,0,0,0
1.845650,0,0,0,0,0,0,0,0,0,0,0,0
1.847320,0,0,0,0,0,0,0,0,0,0,0,0
1.848991,0,0,0,0,0,0,0,0,0,0,0,0
1.850661,0,0,0,0,0,0,0,0,0,0,0,0
1.852330,0,0,0,0,0,0,0,0,0,0,0,0
1.853999,0,0,0,0,0,0,0,0,0,0,0,0
1.855550,0,0,0,0,0,0,0,0,0,0,0,0
1.857202,0,0,0,0,0,0,0,0,0,0,0,0
1.858871,0,0,0,0,0,0,0,0,0,0,0,0
1.860540,0,0,0,0,0,0,0,0,0,0,0,0
1.862318,0,0,0,0,0,0,0,0,0,0,0,0
1.863983,0,0,0,0,0,0,0,0,0,0,0,0
1.865655,0,0,0,0,0,0,0,0,0,0,0,0
1.867339,0,0,0,0,0,0,0,0,0,0,0,0
1.869009,0,0,0,0,0,0,0,0,0,0,0,0
1.870680,0,0,0,0,0,0,0,0,0,0,0,0
1.872346,0,0,0,0,0,0,0,0,0,0,0,0
1.874064,0,0,0,0,0,0,0,0,0,0,0,0
1.875733,0,0,0,0,0,0,0,0,0,0,0,0
1.877418,0,0,0,0,0,0,0,0,0,0,0,0
1.879089,0,0,0,0,0,0,0,0,0,0,0,0
1.880756,0,0,0,0,0,0,0,0,0,0,0,0
1.882430,0,0,0,0,0,0,0,0,0,0,0,0
1.884096,0,0,0,0,0,0,0,0,0,0,0,0
1.885765,0,0,0,0,0,0,0,0,0,0,0,0
1.887449,0,0,0,0,0,0,0,0,0,0,0,0
1.889120,0,0,0,0,0,0,0,0,0,0,0,0
1.890839,0,0,0,0,0,0,0,0,0,0,0,0
1.892506,0,0,0,0,0,0,0,0,0,0,0,0
1.894151,0,0,0,0,0,0,0,0,0,0,0,0
1.895788,0,0,0,0,0,0,0,0,0,0,0,0
1.897472,0,0,0,0,0,0,0,0,0,0,0,0
1.899143,0,0,0,0,0,0,0,0,0,0,0,0
1.900810,0,0,0,0,0,0,0,0,0,0,0,0
1.902477,0,0,0,0,0,0,0,0,0,0,0,0
1.904142,0,0,0,0,0,0,0,0,0,0,0,0
1.905861,0,0,0,0,0,0,0,0,0,0,0,0
1.907545,0,0,0,0,0,0,0,0,0,0,0,0
1.909217,0,0,0,0,0,0,0,0,0,0,0,0
1.910887,0,0,0,0,0,0,0,0,0,0,0,0
1.912555,0,0,0,0,0,0,0,0,0,0,0,0
1.914227,0,0,0,0,0,0,0,0,0,0,0,0
1.915895,0,0,0,0,0,0,0,0,0,0,0,0
1.917579,0,0,0,0,0,0,0,0,0,0,0,0
1.919249,0,0,0,0,0,0,0,0,0,0,0,0
1.920919,0,0,0,0,0,0,0,0,0,0,0,0
1.922589,0,0,0,0,0,0,0,0,0,0,0,0
1.924256,0,0,0,0,0,0,0,0,0,0,0,0
1.925926,0,0,0,0,0,0,0,0,0,0,0,0
1.927609,0,0,0,0,0,0,0,0,0,0,0,0
1.929279,0,0,0,0,0,0,0,0,0,0,0,0
1.930947,0,0,0,0,0,0,0,0,0,0,0,0
1.932613,0,0,0,0,0,0,0,0,0,0,0,0
1.934285,0,0,0,0,0,0,0,0,0,0,0,0
1.935952,0,0,0,0,0,0,0,0,0,0,0,0
1.937684,0,0,0,0,0,0,0,0,0,0,0,0
1.939352,0,0,0,0,0,0,0,0,0,0,0,0
1.941021,0,0,0,0,0,0,0,0,0,0,0,0
1.942689,0,0,0,0,0,0,0,0,0,0,0,0
1.944355,0,0,0,0,0,0,0,0,0,0,0,0
1.946024,0,0,0,0,0,0,0,0,0,0,0,0
1.947706,0,0,0,0,0,0,0,0,0,0,0,0
1.949375,0,0,0,0,0,0,0,0,0,0,0,0
1.951044,0,0,0,0,0,0,0,0,0,0,0,0
1.952710,0,0,0,0,0,0,0,0,0,0,0,0
1.954384,0,0,0,0,0,0,0,0,0,0,0,0
1.956050,0,0,0,0,0,0,0,0,0,0,0,0
1.957731,0,0,0,0,0,0,0,0,0,0,0,0
1.959400,0,0,0,0,0,0,0,0,0,0,0,0
1.961068,0,0,0,0,0,0,0,0,0,0,0,0
1.962737,0,0,0,0,0,0,0,0,0,0,0,0
1.964404,0,0,0,0,0,0,0,0,0,0,0,0
1.966018,0,0,0,0,0,0,0,0,0,0,0,0
1.967655,0,0,0,0,0,0,0,0,0,0,0,0
1.969207,0,0,0,0,0,0,0,0,0,0,0,0
1.970844,0,0,0,0,0,0,0,0,0,0,0,0
1.972511,0,0,0,0,0,0,0,0,0,0,0,0
1.974240,0,0,0,0,0,0,0,0,0,0,0,0
1.975906,0,0,0,0,0,0,0,0,0,0,0,0
1.977576,0,0,0,0,0,0,0,0,0,0,0,0
1.979243,0,0,0,0,0,0,0,0,0,0,0,0
1.980928,0,0,0,0,0,0,0,0,0,0,0,0
1.982632,0,0,0,0,0,0,0,0,0,0,0,0
1.984297,0,0,0,0,0,0,0,0,0,0,0,0
1.986016,0,0,0,0,0,0,0,0,0,0,0,0
1.987686,0,0,0,0,0,0,0,0,0,0,0,0
1.989357,0,0,0,0,0,0,0,0,0,0,0,0
1.991039,0,0,0,0,0,0,0,0,0,0,0,0
1.992707,0,0,0,0,0,0,0,0,0,0,0,0
1.994379,0,0,0,0,0,0,0,0,0,0,0,0
1.996045,0,0,0,0,0,0,0,0,0,0,0,0
1.997713,0,0,0,0,0,0,0,0,0,0,0,0
1.999381,0,0,0,0,0,0,0,0,0,0,0,0
2.000087,0,0,0,0,0,0,0,0,0,0,0,0
